2.979944335187361,2.6500418191497763,1.948699954274494,2.079461775244198,0.030670359554248794,2.486268773086107,-2.318960446099973,1.1144886691106999,-1.0960305865610052,2.1944301133698065,0.01547852602669772,2.655978249176087,-0.6746843846216146,-0.0426902543744041,-2.5276905238467595,-1.8432430428098567,0.8613666477327883,1.477892755841764,-0.7725555738376068,1.2790120560481273,-0.007610582455144593,2.016340883701728,2.9215290391685107,-1.8744368298242553,0.8101062340135924,-0.48961489367050104,2.0516130312513265,2.0884426854965135,-2.3228407927917365,0.36079292076594227,0.6557967058709187,2.332441024276174,0.47913477296175255,-0.2830550541311805,1.211960785310764,-1.9532338733294385,0.4319894855146167,-0.32757746978609004,-1.9993538721555129,-2.168497333396843,0.3124876943037478,-0.7608277789523402,2.314927374102273,1.5649951807278293,1.7309457741756127,-2.080822391959824,1.4397848381636646,1.3184284430689601
numHidden 	5
numGenes 	48
minGene 	-3.0
maxGene 	3.0
popSize 	40
maxEvaluations 	3000
mutateRate 	0.01
mutateChange 	0.1
seed 	1681141711054
random 	java.util.Random@2d948ab9
neuralNetworkClass 	class coursework.ExampleEvolutionaryAlgorithm
Training Set Test
Fitness 0.18803943442188653