2.6944623952345643,0.604114081818285,1.2311823840114062,0.1103586348456238,2.4657155261063415,2.860871973901992,2.073052503119122,-1.400272167142929,0.14490596958183274,-2.8550055783762565,-0.5291653872753629,-1.3492415930977235,-1.4915520716904693,-1.7821933817211932,0.8402830760008927,2.2485627113774367,-1.8692454092347572,2.4575389787420896,0.4758895728488137,2.423609525005083,0.23119023822096985,1.8088506330043859,0.4141373689818826,1.560232323762596,-2.064629768849431,-2.142802416248107,1.7769740568487649,2.3139205179868645,-2.3950196308591782,-1.4762190026018278,1.4130437620278826,-2.559124330829629,0.20917521133098393,-2.6263193516558525,2.2459614118626128,-1.867505000195238,1.864734260385049,2.0881800848612686,-2.9014188994066212,-1.9845857135164657,-2.547760672171251,-2.4324892790118744,-0.8750940784365047,-0.13093630833020686,-1.3092858172640194,2.0863488399176804,-1.7299275013189241,0.9391635630118289
numHidden 	5
numGenes 	48
minGene 	-3.0
maxGene 	3.0
popSize 	40
maxEvaluations 	3000
mutateRate 	0.01
mutateChange 	0.1
seed 	1681141711054
random 	java.util.Random@2d948ab9
neuralNetworkClass 	class coursework.ExampleEvolutionaryAlgorithm
Training Set Test
Fitness 0.2427782399960391