0.5681436105289461,-1.5576195998056863,-0.73207972921781,-0.8233783801209573,1.1485664427376983,-2.004662490676499,0.06162434380016357,1.2155492465376474,-0.043945374461069164,0.16684320653260265,2.9354202810128744,-1.6487963589186787,0.12039979067237194,2.3681563048183922,-1.9944695436563495,1.637336255141642,-0.7809914087017138,-1.1170267252121275,-2.817844457836121,1.3003671293397359,-2.2866588095988414,1.7479341696335662,1.8865468899259819,-0.21152335515967424,-1.5341505006886174,-0.4623039799996773,0.8443911707429057,0.8444575260735903,-0.7572022391747502,-1.510421195980489,-2.6573980855075447,-2.1129340296409005,2.596235055047181,-0.319210959470159,2.972556721145221,-2.6420444770708964,1.8656572260237017,-0.43235580139655516,0.8366685715845783,2.2644622617873487,-1.379154059529892,-0.7973662874614682,-2.622130069573233,2.2604199484678076,-1.1257570390993752,-2.408511492567125,-1.122944253400378,-2.213643321698541
numHidden 	5
numGenes 	48
minGene 	-3.0
maxGene 	3.0
popSize 	40
maxEvaluations 	3000
mutateRate 	0.01
mutateChange 	0.1
seed 	1681141712800
random 	java.util.Random@cd4d1e
neuralNetworkClass 	class coursework.ExampleEvolutionaryAlgorithm
Training Set Training
Fitness 0.28121994683346463