3.0823515876447085,-2.3014998021298334,2.8488179397563353,-0.9701229486965923,-0.7783318618353442,0.049268190101446674,1.6918183086949776,-0.10468577579965155,-1.0230336352691163,1.7842188780683492,0.24484134103404243,0.7264278473608613,-0.33779206037392073,-1.6217503421810064,-1.3939992233860308,-1.6839703155010002,0.03546087790855143,0.01784118336774032,-0.7427331120462207,0.12943579181077292,-0.5504125856102305,-0.6700188642707303,-2.117653893590378,2.204122873539742,-0.5824938191248097,-2.375839410551197,-1.0071150079997624,-0.37145622160088543,1.4978826918420114,1.5639553850063028,-1.5205518813278376,0.4198856692355153,1.7015929026241645,-0.4825027975421685,1.3593491257849775,1.7156406207751531,1.3149032351738157,1.017158799732098,1.6615960894135875,2.8770840728563627,1.6733553808378945,1.5820677647567827,-1.294161825121537,2.774196909781273,1.8217106882753291,0.6555220638939137,-0.6570195627927476,0.4494842964794442
numHidden 	5
numGenes 	48
minGene 	-3.0
maxGene 	3.0
popSize 	40
maxEvaluations 	3000
mutateRate 	0.01
mutateChange 	0.1
seed 	1681141711054
random 	java.util.Random@2d948ab9
neuralNetworkClass 	class coursework.ExampleEvolutionaryAlgorithm
Training Set Test
Fitness 0.12980960836848401