2.9933337507674436,-1.797327164998892,1.791110298909997,-0.6789654460630326,1.5752086833023693,-2.6829046948229207,-2.9377789177870612,2.1458901501700645,-2.9876202798324725,-1.1649806931255735,2.7512472108965564,-0.8850503171790591,-0.6189205146667932,2.6065788359791284,2.702422044913997,-2.2103382844577606,-0.0651401924644146,-2.620163933542795,-0.1475157765341434,-2.4576753617189793,0.7497724426568513,-0.2771980107112184,-1.9485589071859704,-2.9398088411170913,2.6631945601587823,0.8420265637521949,0.7962551936301,-0.12165195456188194,1.0160136972102851,-1.2601221825022761,2.270780456535036,1.1709991230309011,-1.2175874513807774,-1.5552630166006536,0.012657015448310549,-2.719214425620962,-1.99968051844511,-1.6733121987498825,-0.9057427387575112,1.0157498925344535,0.7094566222253822,0.1424556878117685,0.34685228620500874,2.115450814048753,-2.568029802889188,0.8451295326796596,0.08231851775825128,-0.8864000638286283
numHidden 	5
numGenes 	48
minGene 	-3.0
maxGene 	3.0
popSize 	40
maxEvaluations 	3000
mutateRate 	0.01
mutateChange 	0.1
seed 	1681141711054
random 	java.util.Random@2d948ab9
neuralNetworkClass 	class coursework.ExampleEvolutionaryAlgorithm
Training Set Test
Fitness 0.17384071037276122