-2.0984542675295197,-1.663542004410607,-3.134765036806771,-1.2413998121048357,-0.6259929246798426,-1.67571511109587,0.9513595092319421,-3.173330594703599,1.0231012120455145,2.8036130651051,2.7658303518657945,-1.2225358149979044,2.670751073569379,-1.3584767283653438,2.02506283931889,-1.6021789241417206,2.0143515531053793,-2.958977117130842,-1.5184659161254082,1.5522093675350526,1.5263229103413032,-1.3453386591318435,-1.9207574742861433,-0.759701053388758,1.2050535080010372,2.57932574945595,0.1703390401213393,-2.9378139723084002,-2.4450014418206267,2.302006909479041,1.9076751706049788,-0.5875659603688851,1.3582539205315252,1.175107449555564,-0.2619924336180377,2.8912506472901067,1.4367170188982072,-0.6767961018302483,0.8673734942293395,-2.4397854678333415,-2.0268138083016134,-0.1309823449100561,2.02045837539569,-0.9300328868893324,2.3382484663794822,-1.0234722028094645,0.6669058316703315,-1.3576316235124763
numHidden 	5
numGenes 	48
minGene 	-3.0
maxGene 	3.0
popSize 	40
maxEvaluations 	3000
mutateRate 	0.01
mutateChange 	0.1
seed 	1681141712800
random 	java.util.Random@cd4d1e
neuralNetworkClass 	class coursework.ExampleEvolutionaryAlgorithm
Training Set Test
Fitness 0.1642364615813719