-2.441469085708191,-1.7215561161641308,-0.19427939980119913,-1.328721260794569,-0.9559362102404689,-2.046446741369768,-0.34529289586999834,1.1112566727864799,2.7030295106237485,-2.727471381742845,1.5326392536011566,-2.724683810230739,2.6702376304202247,2.2643786551550376,-0.8996039349214758,-2.4415807365045974,0.1232178722381086,-0.6747115629251486,-2.211116501571551,1.5722529327649237,1.552740232813774,0.27494516288872983,2.4054746881397993,2.0382810375990963,0.016924992548583456,1.253136922308054,-0.3364630747803512,0.035238940227911186,0.1466782332383163,1.8516852381841575,-0.2643135840640062,2.777627008120949,-3.0872635811631435,1.2769454284487756,0.13475621944974225,1.145571952158262,-0.7914703624903119,0.6829680517071477,0.23131632427883417,2.258679401614611,0.6260629095640957,2.779380012079855,-1.127158400717513,2.0844487064842596,-2.2950467017762026,2.582741117755365,2.772095512382733,0.8071418980075842
numHidden 	5
numGenes 	48
minGene 	-3.0
maxGene 	3.0
popSize 	40
maxEvaluations 	3000
mutateRate 	0.01
mutateChange 	0.1
seed 	1681141712800
random 	java.util.Random@cd4d1e
neuralNetworkClass 	class coursework.ExampleEvolutionaryAlgorithm
Training Set Test
Fitness 0.15537075186689822