-1.3431292088480187,1.2409803033683438,0.7982589315828967,1.572316647472817,0.4413545482814065,1.6069639190018328,-1.8424349385034524,1.2207205302010533,-1.2888816012195428,-2.615185117571847,-0.10595101518916908,1.367989023494966,-0.4726514345942866,0.816252416776174,2.7987657700618365,2.5290749892670745,1.4864703011911318,1.4432098693402269,-2.3377944984089263,-0.33816930547559904,2.391269354348611,0.6871339275648145,2.955544704251853,2.2400492885220444,1.3925995413186363,2.485159388365674,1.7092963989809413,1.7208123701300986,-2.6855239991134785,-0.10558586141121662,2.060279876278102,2.0690852036908645,2.473954800482396,0.38872352279046696,2.5410813590401897,-2.783716400020108,2.8455650263000356,0.19334663813896072,0.03520124187253337,-1.303091505653078,1.976415541029792,2.726899829381722,-0.9527216214153498,-0.5735658043979844,1.661045514607287,-0.12737075040814175,2.737430297847622,-2.6236942556203653
numHidden 	5
numGenes 	48
minGene 	-3.0
maxGene 	3.0
popSize 	40
maxEvaluations 	3000
mutateRate 	0.01
mutateChange 	0.1
seed 	1681141711054
random 	java.util.Random@2d948ab9
neuralNetworkClass 	class coursework.ExampleEvolutionaryAlgorithm
Training Set Training
Fitness 0.23732453837427936