-1.6890046572269586,1.163072246196244,1.7366181566219239,0.4493792313208459,2.3016514527690033,-1.1787369479681349,-1.5732207764215478,0.9270159203890778,2.421967568563227,-1.6461085931010568,-2.709976494536509,-2.908387414597298,0.8567130084061008,0.10961372983171644,0.5451201428930714,1.1030759154017922,-0.42329521552819216,2.8704390501611368,-2.922277708306719,1.6608226488984057,2.1506884483884727,-1.316419178249276,-0.484841970707905,1.2173725233553787,-2.8128718881981074,0.2900689222661783,0.2566264386486754,1.8020021356958544,2.1396370003952248,2.768795034534076,1.6881549875181676,1.941223038797098,-0.5426564976750249,-0.7554276458732119,-0.323938374064209,-0.9711194662341253,0.3282324606832834,0.91610026488262,-0.38916512577785645,-2.776034097613841,-1.4257721668396364,-1.8896747273188201,1.7814289304494277,0.585425696498128,2.9970331582351406,2.2150191765423615,1.4583989931351429,-0.4611828495659336
numHidden 	5
numGenes 	48
minGene 	-3.0
maxGene 	3.0
popSize 	40
maxEvaluations 	3000
mutateRate 	0.01
mutateChange 	0.1
seed 	1681141711054
random 	java.util.Random@2d948ab9
neuralNetworkClass 	class coursework.ExampleEvolutionaryAlgorithm
Training Set Test
Fitness 0.17979409020389245