0.229151412635471,1.4049896629178908,-1.072058387297137,2.7672026326291874,0.25103188815673916,-2.6667685143077735,2.588525329183705,2.8782643986950194,3.243751897323757,-0.14178566663772427,1.1063154503192374,-2.3983130939460953,2.3337358853844288,-0.3801795660281172,-2.0704463593835385,-1.5788211537493708,-0.20567543508143782,-0.3419809915642311,2.5948172839968167,0.039683242309135724,0.7814522219468597,2.741993649618116,2.9701533541825498,0.20097174358079303,1.0806673617243394,-2.2866545161950373,-2.3563984404624105,1.070031494687155,-0.6222334973531554,-1.9877339868183395,-2.7755408972158424,-3.0500045252003947,-2.822431303095844,2.499172867619203,0.5862528754580735,-1.3393506757989295,-1.4207337757657537,-1.6196623091531361,-0.9994051469708962,0.4014366943557638,-0.023248337223665594,3.082608671568921,-2.5624824078380057,-1.4852940275802096,0.6939945163268044,-1.0107918593115446,2.6496835995872843,-2.472859298877308
numHidden 	5
numGenes 	48
minGene 	-3.0
maxGene 	3.0
popSize 	40
maxEvaluations 	3000
mutateRate 	0.01
mutateChange 	0.1
seed 	1681141711054
random 	java.util.Random@2d948ab9
neuralNetworkClass 	class coursework.ExampleEvolutionaryAlgorithm
Training Set Test
Fitness 0.14176730211317712