-1.8303767643370505,-2.9276312256924744,1.9278316783200506,0.38252791722236257,-2.7212692253294417,1.1742882612268373,1.126336453280821,2.3472553304510244,0.5672108600464888,-2.0233833135057147,0.8853430075721569,0.47288859720779963,-1.2207591306518528,-2.7051262208525717,-2.467676672957381,1.0988455702221325,0.824321940916291,-0.6421050520830671,0.446992089451531,-0.5442055443634697,1.2176572100405703,-1.4238327447666699,0.80262056339211,-0.5737327094854271,2.6182892180516353,0.8127940999364963,0.02056602750092154,-0.29871218232199326,1.3828947749942273,2.1481558385262116,1.0440099848404731,-0.9283953380138649,0.4436567313425739,0.8573189372440058,-1.942927386483801,0.3208844927763096,-0.14841040362435987,0.3613139217850043,-0.4978002824523937,1.8971395747227242,-1.8894865930147786,2.968160727962517,2.9912589539895986,2.1157317802998366,-1.457128207345293,2.010419719537711,1.4337554941151454,-1.129174018473105
numHidden 	5
numGenes 	48
minGene 	-3.0
maxGene 	3.0
popSize 	40
maxEvaluations 	3000
mutateRate 	0.01
mutateChange 	0.1
seed 	1681141712800
random 	java.util.Random@cd4d1e
neuralNetworkClass 	class coursework.ExampleEvolutionaryAlgorithm
Training Set Test
Fitness 0.17491091671107106