1.6376714630393634,-2.6387889195478347,-2.3911949557024608,0.37110444596030057,-0.09532477781147639,-2.872296335571515,-1.6891083094366945,0.20626419082240943,2.20286848931822,-0.6935565122681489,0.07401782595722955,-1.3233142184358768,-2.5535581932032896,-0.7697602257675863,0.9198894826240659,-1.023105844173008,0.544470595504496,-0.03527773000015255,-2.028788871187463,0.14758264978738023,0.35902600530401163,-0.45085740593318846,1.5246346103803212,0.9450180856839316,0.053762459963877074,-1.9386838137340368,0.7930583812535145,-0.04803347385689083,-1.150843620856165,0.07220257878541947,-2.330933049413271,-0.6554150352600395,0.9318147495737638,1.735929693770581,-0.23093096219765394,-0.7254520879571986,1.2651988004556194,2.854248217140341,2.7612242713362587,-1.555587425274058,-0.9419563437484288,1.0718667565035063,2.376579818814212,-2.095399800731419,2.6967173895288683,1.356548835620325,-1.1616727044918302,-2.066360465831405
numHidden 	5
numGenes 	48
minGene 	-3.0
maxGene 	3.0
popSize 	40
maxEvaluations 	3000
mutateRate 	0.01
mutateChange 	0.1
seed 	1681141712800
random 	java.util.Random@cd4d1e
neuralNetworkClass 	class coursework.ExampleEvolutionaryAlgorithm
Training Set Test
Fitness 0.21618035302665523