1.854830816354779,-0.6655189957037597,-1.9440803312835784,1.4719785591485257,0.17412374130290864,-2.74002448382498,1.6726207920775438,-2.159351420650527,-2.5137462631083305,2.28887816959036,-0.8185724310257402,-1.1885614319138162,-1.1106876081630672,2.548855360742957,2.2695175011892585,-1.8645779965856204,-0.6022025823329127,-2.884194653843665,-2.8627682405532484,1.8217653359026018,-1.397939369798623,-0.7617413346630405,1.4902037324960808,-1.339653010908738,-2.165025823351152,0.5225199448396313,-0.6776809963296644,1.6891581199216583,-2.5585741716318315,2.204631657104358,0.9392488270826052,2.05365451395768,-1.832389142454135,1.497454374550748,-2.455507492355217,0.7829495424089363,1.7367893326447077,2.625790904507485,1.5598036723327957,1.7528349800416803,-0.9775976724339827,-1.0919196624373906,-0.9367735464847741,2.574815520016645,-0.14655970753090256,2.5859270703400874,1.409862924051247,-1.53201479899994
numHidden 	5
numGenes 	48
minGene 	-3.0
maxGene 	3.0
popSize 	40
maxEvaluations 	3000
mutateRate 	0.01
mutateChange 	0.1
seed 	1681141712800
random 	java.util.Random@cd4d1e
neuralNetworkClass 	class coursework.ExampleEvolutionaryAlgorithm
Training Set Test
Fitness 0.21069654370323895