2.737869990004268,-2.2684772673954967,-1.8639039140330977,0.12807864667230212,0.4747265572131276,2.46022774038829,0.7946747789836934,-1.5730891242707055,2.1050626649686706,-1.6015901035719224,2.5303205015959733,-2.6460685445199514,0.32715798448324895,-0.0908857740086754,2.8650328219018064,-0.8936252892465456,-2.097652316752997,2.8672158757172745,1.6577726508954584,-1.9887744751564067,-2.4748365095616034,0.9227775495323881,-2.677497110270132,1.527221097010087,-2.0837641970914893,1.6887992463502242,-2.6759418211384762,-0.30691805691789487,0.41709318442727106,-2.3103542486357345,-1.8538440988243918,0.1735732966392538,2.6614111093604444,-1.034270753513979,-1.373887543756537,2.299384481132111,-2.9789159984035196,-2.8308101952896036,3.5166240311093526,2.2946591858650582,1.030955878372076,2.2845156301285763,-1.289191696998854,-0.7974219821519813,1.0823605255580027,1.2706538045520053,0.6007556388408325,2.096569198669273
numHidden 	5
numGenes 	48
minGene 	-3.0
maxGene 	3.0
popSize 	40
maxEvaluations 	3000
mutateRate 	0.01
mutateChange 	0.1
seed 	1681141712800
random 	java.util.Random@cd4d1e
neuralNetworkClass 	class coursework.ExampleEvolutionaryAlgorithm
Training Set Test
Fitness 0.15296687019675614