-0.149158121828612,1.4278204264195717,1.12562083715095,-1.0667470832541945,-1.3236077497173366,2.136053220131354,2.376031385548911,1.528729799271162,0.10372892150236526,2.605621862107329,2.913016451974072,-1.9350418336759345,1.8615264033551924,1.6221351205025427,-2.810908229248338,0.5487510743066976,1.023477237939332,-2.7481960387137416,0.8059923073266774,2.9815463866827665,-0.8111519370211235,-0.16266137094291544,0.5070337803788223,-1.6048678590658243,-0.29632346293341794,-1.1774419854577183,-1.6598333381224495,-2.162154190443505,-0.022220319461638743,-2.737589565197123,0.8933222084217954,-2.6135683088159025,2.159554624255018,2.040496674072231,2.7296944711215234,1.2623202491205174,-0.42842071074432164,1.1190678758530823,2.1984641227049373,0.6040508431779124,-2.565578640904485,-0.21248381551258974,-2.412954416437705,0.66551052131961,-1.8940699974890662,2.1305787262135603,2.460532810726236,1.3324706216275897
numHidden 	5
numGenes 	48
minGene 	-3.0
maxGene 	3.0
popSize 	40
maxEvaluations 	3000
mutateRate 	0.01
mutateChange 	0.1
seed 	1681141712800
random 	java.util.Random@cd4d1e
neuralNetworkClass 	class coursework.ExampleEvolutionaryAlgorithm
Training Set Test
Fitness 0.21139838662355553