2.495504853140159,1.5379498945909376,-2.705153928525897,1.010043178909418,2.684200626300015,1.5095054371795276,0.9454316204954315,-1.7116857751743533,-3.091818953469109,-0.3616509972687426,-0.1992124184227312,0.9801832714417826,-0.46441279386539824,-1.1252881202359708,0.8978199246362601,2.1081595436617757,-0.47986784461508347,0.3872493475402212,-2.708391601250698,-2.8013688528229586,-0.0770919067905586,-0.12460899357833047,-1.7595031663921048,-1.7075440106243502,2.10063294028208,2.823346513753099,2.29084666406996,2.9274537241870444,2.6344045472612403,-0.7054605838955808,0.5900829921711228,-1.4753620118403008,-0.3130424115169266,2.976003581204787,0.22464158704375412,1.9398863505274995,1.8310352014106366,1.5200979060536768,-1.9771623286912916,1.439727585791672,0.13112846143930926,-2.9766632158907353,2.861724154422553,-1.1003583085273074,-1.6346487579278068,-2.931863953622302,2.5386964913556014,2.981972790876153
numHidden 	5
numGenes 	48
minGene 	-3.0
maxGene 	3.0
popSize 	40
maxEvaluations 	3000
mutateRate 	0.01
mutateChange 	0.1
seed 	1681141711054
random 	java.util.Random@2d948ab9
neuralNetworkClass 	class coursework.ExampleEvolutionaryAlgorithm
Training Set Test
Fitness 0.1386545287333006