-0.71681612220751,-0.05632115069161117,0.49239218330172707,-0.372913234869257,0.4362523679990361,0.7230482764966433,-1.2478937340652143,-0.9808920013444989,2.7202805397552807,-0.31100018163940657,-0.2923168377656703,-2.4998105103025194,2.1648350790067292,-2.9195309083908567,0.18206672123326892,-0.9680836608435528,-2.5301772464447017,0.8224105553149235,-0.25128892425201954,0.6197656487294072,2.617764942734771,2.465942428666656,2.3212848807696767,-2.5371542466167707,-1.5775594960796677,-0.6733674365375663,0.7242097676854435,1.8700332047300128,-3.299723621160218,-0.8315935404492227,0.9381135534593575,-1.8434582257540864,-0.11327629591606989,1.3310521734920941,1.6764274541482198,-2.4584312328483153,-1.9966208647272663,0.1778624110777555,-1.479381492542031,-2.637111822494592,-2.2664167319592092,-1.926129418265228,0.7012832454128981,-1.531522041523579,-2.532618408923242,1.5921711418076558,-0.2845776364517495,-1.797876556509146
numHidden 	5
numGenes 	48
minGene 	-3.0
maxGene 	3.0
popSize 	40
maxEvaluations 	3000
mutateRate 	0.01
mutateChange 	0.1
seed 	1681141712800
random 	java.util.Random@cd4d1e
neuralNetworkClass 	class coursework.ExampleEvolutionaryAlgorithm
Training Set Test
Fitness 0.25186232020852906