-0.29739539618491007,2.2664439826539544,-1.9750697513059332,0.9335564748282561,1.5607399479369688,-1.8436309576065528,-0.8508926555049392,1.8592724600314976,0.4963333948641696,-0.47675551985419773,0.3873902266465171,-1.9707773597378404,-1.6227172040093982,0.3101233073302413,0.7901203269837291,-2.587190790984879,1.5961155865422074,1.4311319764576966,2.6547636472687954,-2.029598797166118,-2.7818977421105817,1.7797046958924954,-0.7962995637867882,-1.6698898094184005,2.5287858877183975,1.3146127061107036,-2.8873951240052107,1.5060956957265135,1.9327619272164451,-0.43040133116176804,0.9516875778370842,0.48836477684958035,-0.3180167538593598,-2.932649177525371,2.8860973233270615,-0.9188545769118466,2.675134915820598,2.9749884547087233,1.5822877040058732,-2.0556759827165236,0.20166456460104012,1.5686358139914685,0.6477580323562382,2.1520353631839817,-1.8227075732360403,-1.2571434898426619,1.2862118461888863,-2.099932397678451
numHidden 	5
numGenes 	48
minGene 	-3.0
maxGene 	3.0
popSize 	40
maxEvaluations 	3000
mutateRate 	0.01
mutateChange 	0.1
seed 	1681141711054
random 	java.util.Random@2d948ab9
neuralNetworkClass 	class coursework.ExampleEvolutionaryAlgorithm
Training Set Test
Fitness 0.12214810928481525