-2.251120511185966,-0.5117243780564058,0.5617839643452758,-0.6550581329198664,-1.6341404038159049,2.52759759570155,-0.6475488250349595,2.9894794292002285,-1.1480337862014047,-3.394703330764689,-1.6888523088056633,-0.38912858316934373,-0.012387875100926315,1.6334408252210895,1.1935011653471634,-0.23641339097356015,-1.068428327257161,-2.0335934133977904,-0.8769312852465845,0.2655420485304839,1.869721583911054,-0.1432038464345579,-1.2282539182717709,-1.3003979949896949,-1.4833277153191622,-0.6453131255082163,0.13553337647153416,2.548788672079156,-1.6551130905899925,1.6708922430936788,1.6276961731737405,1.703995483655167,0.6944990240921589,-1.5570042888547564,-1.3790234739812035,-2.3489835296743315,2.952419727183205,-2.17899541826491,-1.9899647459060592,1.9881150557204768,-2.708746028604045,-1.4106595662064685,1.9927222098613093,-1.0160459224079317,-2.8860584760322063,0.748405144687123,1.7553267480769668,-0.16883531929375373
numHidden 	5
numGenes 	48
minGene 	-3.0
maxGene 	3.0
popSize 	40
maxEvaluations 	3000
mutateRate 	0.01
mutateChange 	0.1
seed 	1681141711054
random 	java.util.Random@2d948ab9
neuralNetworkClass 	class coursework.ExampleEvolutionaryAlgorithm
Training Set Test
Fitness 0.18845391046943363