-0.8840689113155422,-2.042477686825392,-0.44943616967602296,-2.7110237890301265,-1.5312739985966055,-2.2390836779354295,-1.7933778689004514,2.515692704000959,-1.0188497217846855,1.3821275793913146,-1.7180971060261707,1.64749532823335,0.1035497113011413,-0.13085040894348765,-1.5294850349009173,0.4492289999440766,-1.5765854967712076,1.496745636074813,1.7563441740985781,0.7254977837272145,1.6216993422138883,1.6663432294322167,0.5979375584495039,0.36743924852147103,-2.773468436923241,0.7539803279070403,2.1702902756618503,-2.051075310191822,2.4708693565885356,-1.827182580499317,2.5710788181778184,-2.5040882031893315,-2.4222473017546196,1.9933288272832974,1.811930828432152,-2.7108505696650798,-2.1294633053726475,1.4961623388073342,0.9309157188954691,2.4298403726173863,2.2397227006593394,1.6324595241725204,-1.5126726914155895,-1.137595419011349,0.32924690439129756,0.3104645795798585,1.9830512948062275,2.449771989832462
numHidden 	5
numGenes 	48
minGene 	-3.0
maxGene 	3.0
popSize 	40
maxEvaluations 	3000
mutateRate 	0.01
mutateChange 	0.1
seed 	1681141712800
random 	java.util.Random@cd4d1e
neuralNetworkClass 	class coursework.ExampleEvolutionaryAlgorithm
Training Set Test
Fitness 0.15523511802379392